Emission lines,100,125,150,175,200,225,250,275,300,325,350,375,400,425,450,475,500,525,550,575,600,625,650,675,700,725,750,775,800,825,850,875,900,925,950,975,1000
C III λ977,19.568,10.852,4.928,4.878,4.416,3.755,3.319,2.976,2.688,2.446,2.234,2.048,1.884,1.744,1.621,1.513,1.417,1.331,1.255,1.186,1.126,1.07,1.019,0.971,0.927,0.885,0.844,0.805,0.768,0.731,0.695,0.66,0.627,0.595,0.564,0.535,0.507
N III λ990,0.734,0.949,0.479,0.316,0.284,0.237,0.207,0.183,0.164,0.148,0.134,0.122,0.112,0.103,0.096,0.089,0.083,0.078,0.074,0.07,0.066,0.063,0.06,0.057,0.055,0.052,0.05,0.047,0.045,0.043,0.041,0.039,0.037,0.035,0.033,0.032,0.03
"O VI λλ1032, 1037",0.0,0.155,6.01,32.889,36.251,32.487,30.198,27.924,25.905,24.266,22.593,21.135,19.707,18.503,17.335,16.222,15.214,14.302,13.481,12.718,12.036,11.416,10.856,10.325,9.838,9.376,8.919,8.493,8.08,7.68,7.3,6.928,6.573,6.236,5.911,5.608,5.319
Lyα λ1215,55.934,39.878,36.016,35.901,35.981,35.985,36.348,37.071,38.098,39.38,40.766,42.12,43.324,44.33,45.121,45.708,46.129,46.416,46.606,46.7,46.74,46.723,46.671,46.577,46.476,46.361,46.217,46.092,45.969,45.854,45.766,45.689,45.638,45.61,45.589,45.588,45.579
N V λ1239,0.043,0.928,2.425,1.406,1.429,1.251,1.149,1.059,0.98,0.901,0.829,0.759,0.698,0.643,0.595,0.553,0.516,0.484,0.455,0.429,0.406,0.386,0.367,0.349,0.333,0.318,0.303,0.289,0.275,0.262,0.249,0.237,0.225,0.214,0.203,0.193,0.183
SiIV + O IV λ1400,1.864,2.918,2.814,2.346,1.99,1.708,1.535,1.395,1.276,1.174,1.082,0.999,0.922,0.854,0.794,0.741,0.694,0.652,0.615,0.582,0.552,0.525,0.5,0.476,0.455,0.434,0.414,0.395,0.377,0.359,0.342,0.325,0.309,0.294,0.279,0.265,0.252
N IV λ1486,0.179,0.389,0.239,0.138,0.133,0.114,0.102,0.093,0.085,0.078,0.072,0.067,0.062,0.058,0.054,0.05,0.047,0.045,0.042,0.04,0.038,0.037,0.035,0.034,0.032,0.031,0.03,0.028,0.027,0.026,0.025,0.024,0.023,0.022,0.021,0.02,0.019
C IV λλ1548+1551,9.611,12.352,4.305,3.872,3.629,3.122,2.789,2.508,2.261,2.053,1.87,1.713,1.572,1.452,1.347,1.255,1.172,1.1,1.036,0.979,0.928,0.881,0.84,0.8,0.764,0.73,0.696,0.664,0.633,0.603,0.574,0.546,0.519,0.493,0.467,0.444,0.421
He II λ1640,0.464,0.644,0.407,0.354,0.363,0.383,0.449,0.54,0.645,0.758,0.86,0.936,0.973,0.976,0.96,0.934,0.906,0.878,0.851,0.825,0.799,0.774,0.751,0.727,0.705,0.684,0.663,0.645,0.627,0.611,0.596,0.583,0.571,0.561,0.552,0.545,0.537
O III] λλ1661+1666,1.878,2.191,1.73,1.374,1.183,1.02,0.921,0.836,0.763,0.701,0.645,0.596,0.553,0.516,0.483,0.453,0.426,0.402,0.38,0.36,0.342,0.325,0.31,0.295,0.282,0.269,0.256,0.244,0.233,0.221,0.211,0.2,0.19,0.18,0.17,0.161,0.153
N III λ1750,0.433,0.494,0.276,0.204,0.19,0.165,0.149,0.135,0.123,0.113,0.104,0.096,0.089,0.083,0.077,0.073,0.068,0.064,0.061,0.058,0.055,0.052,0.05,0.048,0.046,0.044,0.042,0.04,0.038,0.036,0.034,0.033,0.031,0.03,0.028,0.027,0.025
C III] λ1909,6.186,3.473,1.917,1.825,1.673,1.451,1.304,1.191,1.099,1.026,0.964,0.914,0.87,0.832,0.797,0.764,0.732,0.702,0.673,0.645,0.618,0.593,0.568,0.544,0.522,0.5,0.478,0.458,0.438,0.418,0.4,0.382,0.366,0.35,0.335,0.321,0.308
C II] λ2326,1.154,0.689,0.488,0.48,0.492,0.502,0.558,0.64,0.732,0.827,0.912,0.981,1.032,1.068,1.091,1.103,1.107,1.106,1.102,1.094,1.085,1.075,1.063,1.051,1.039,1.027,1.014,1.004,0.993,0.984,0.976,0.969,0.963,0.958,0.954,0.95,0.945
Mg II λ2800,0.23,0.268,0.411,0.595,0.895,1.159,1.468,1.789,2.088,2.38,2.669,2.938,3.166,3.344,3.472,3.558,3.609,3.634,3.641,3.63,3.611,3.582,3.547,3.504,3.46,3.412,3.356,3.303,3.246,3.188,3.132,3.075,3.019,2.966,2.913,2.864,2.816
Ne V λ3426,0.001,0.029,0.104,0.188,0.257,0.216,0.191,0.172,0.155,0.142,0.13,0.119,0.109,0.101,0.094,0.088,0.083,0.078,0.073,0.07,0.066,0.063,0.06,0.058,0.055,0.053,0.05,0.048,0.046,0.044,0.042,0.04,0.038,0.036,0.035,0.033,0.031
Ne III λ3869,0.692,0.633,0.481,0.451,0.442,0.448,0.516,0.62,0.749,0.889,1.021,1.134,1.221,1.281,1.315,1.328,1.327,1.317,1.301,1.279,1.256,1.231,1.207,1.181,1.157,1.134,1.11,1.089,1.07,1.053,1.038,1.025,1.014,1.004,0.996,0.989,0.982
[O II] λλ3727+3729,0.692,0.633,0.481,0.451,0.442,0.448,0.516,0.62,0.749,0.889,1.021,1.134,1.221,1.281,1.315,1.328,1.327,1.317,1.301,1.279,1.256,1.231,1.207,1.181,1.157,1.134,1.11,1.089,1.07,1.053,1.038,1.025,1.014,1.004,0.996,0.989,0.982
[S II] λλ4069+4076,0.219,0.272,0.363,0.488,0.657,0.809,1.008,1.218,1.414,1.591,1.734,1.842,1.917,1.967,1.996,2.012,2.016,2.013,2.006,1.995,1.984,1.971,1.959,1.945,1.935,1.926,1.915,1.908,1.901,1.894,1.889,1.883,1.878,1.872,1.863,1.854,1.842
[O III] λ4363,0.305,0.346,0.272,0.217,0.188,0.163,0.148,0.135,0.124,0.115,0.106,0.099,0.092,0.087,0.082,0.077,0.073,0.069,0.065,0.062,0.059,0.057,0.054,0.052,0.05,0.048,0.046,0.044,0.042,0.04,0.039,0.037,0.035,0.034,0.032,0.031,0.029
He II λ4686,0.046,0.078,0.052,0.046,0.048,0.053,0.064,0.078,0.095,0.113,0.128,0.14,0.146,0.146,0.143,0.139,0.135,0.13,0.126,0.122,0.118,0.115,0.111,0.108,0.104,0.101,0.098,0.095,0.093,0.09,0.088,0.086,0.084,0.083,0.082,0.081,0.08
Hβ λ4861,1.0,1.0,1.0,1.0,1.0,1.0,1.0,1.0,1.0,1.0,1.0,1.0,1.0,1.0,1.0,1.0,1.0,1.0,1.0,1.0,1.0,1.0,1.0,1.0,1.0,1.0,1.0,1.0,1.0,1.0,1.0,1.0,1.0,1.0,1.0,1.0,1.0
[O III] λ5007,3.446,3.606,2.772,2.242,1.957,1.707,1.562,1.436,1.325,1.229,1.142,1.065,0.994,0.932,0.874,0.821,0.771,0.726,0.684,0.645,0.61,0.577,0.547,0.518,0.491,0.466,0.441,0.418,0.395,0.374,0.353,0.333,0.314,0.295,0.278,0.262,0.247
[N I] λ5200,0.059,0.059,0.085,0.085,0.09,0.09,0.101,0.101,0.142,0.142,0.184,0.184,0.248,0.248,0.298,0.298,0.33,0.33,0.343,0.343,0.338,0.338,0.321,0.321,0.299,0.299,0.276,0.276,0.254,0.254,0.235,0.235,0.219,0.219,0.204,0.204,0.193
[O I] λ6300,3.127,3.126,3.126,3.126,3.126,3.126,3.126,3.126,3.126,3.126,3.126,3.126,3.126,3.126,3.126,3.126,3.126,3.126,3.126,3.126,3.126,3.126,3.126,3.126,3.126,3.126,3.126,3.126,3.126,3.126,3.126,3.126,3.126,3.126,3.126,3.126,3.126
Hα λ6563,3.097,3.041,2.998,2.978,2.963,2.949,2.941,2.936,2.935,2.936,2.939,2.943,2.947,2.951,2.956,2.96,2.964,2.969,2.973,2.977,2.981,2.985,2.989,2.993,2.996,3.0,3.004,3.008,3.012,3.017,3.021,3.026,3.03,3.035,3.039,3.044,3.048
[N II] λ6583,1.361,1.54,1.758,1.986,2.343,2.573,2.822,3.076,3.292,3.473,3.608,3.689,3.708,3.673,3.59,3.474,3.334,3.183,3.027,2.868,2.715,2.566,2.424,2.287,2.16,2.041,1.927,1.822,1.725,1.635,1.552,1.475,1.405,1.34,1.279,1.223,1.169
[S II] λλ6716+6731,0.84,1.074,1.126,1.214,1.452,1.652,1.95,2.155,2.251,2.255,2.178,2.049,1.897,1.745,1.604,1.479,1.37,1.276,1.197,1.131,1.077,1.033,0.998,0.97,0.949,0.933,0.918,0.907,0.896,0.884,0.873,0.859,0.845,0.83,0.814,0.797,0.779
[O II] λλ7319+7320,0.591,0.555,0.463,0.436,0.443,0.44,0.45,0.468,0.489,0.51,0.531,0.551,0.567,0.581,0.59,0.596,0.597,0.595,0.591,0.584,0.575,0.565,0.553,0.54,0.527,0.514,0.499,0.486,0.472,0.458,0.444,0.431,0.419,0.407,0.396,0.386,0.375
[S III] λλ9069+9031,0.416,0.378,0.291,0.301,0.477,0.646,0.82,1.022,1.236,1.453,1.655,1.83,1.967,2.071,2.145,2.196,2.232,2.258,2.279,2.295,2.314,2.333,2.356,2.381,2.413,2.448,2.482,2.522,2.563,2.604,2.646,2.686,2.725,2.763,2.798,2.833,2.865
Brα λ4.051 μm,0.086,0.091,0.089,0.087,0.085,0.084,0.083,0.083,0.082,0.081,0.081,0.08,0.08,0.08,0.08,0.08,0.081,0.081,0.081,0.082,0.083,0.083,0.084,0.085,0.085,0.086,0.087,0.087,0.088,0.089,0.089,0.09,0.091,0.092,0.092,0.093,0.093
[Ar VI] λ4.530 μm,0.0,0.0,0.0,0.001,0.001,0.001,0.001,0.001,0.001,0.001,0.0,0.0,0.0,0.0,0.0,0.0,0.0,0.0,0.0,0.0,0.0,0.0,0.0,0.0,0.0,0.0,0.0,0.0,0.0,0.0,0.0,0.0,0.0,0.0,0.0,0.0,0.0
[Ar II] λ6.983 μm,0.141,0.18,0.186,0.196,0.218,0.235,0.255,0.273,0.289,0.302,0.312,0.319,0.324,0.33,0.337,0.347,0.36,0.376,0.396,0.42,0.446,0.476,0.507,0.54,0.575,0.612,0.649,0.687,0.725,0.764,0.802,0.839,0.875,0.911,0.946,0.98,1.013
[Ne VI] λ7.652 μm,0.0,0.0,0.006,0.041,0.127,0.117,0.101,0.09,0.081,0.074,0.067,0.061,0.056,0.052,0.048,0.045,0.042,0.04,0.038,0.035,0.034,0.032,0.031,0.029,0.028,0.027,0.025,0.024,0.023,0.022,0.021,0.02,0.019,0.018,0.017,0.016,0.015
[Ar III] λ8.991 μm,0.03,0.027,0.021,0.022,0.038,0.046,0.054,0.062,0.066,0.07,0.074,0.078,0.081,0.084,0.085,0.086,0.086,0.085,0.083,0.08,0.077,0.073,0.07,0.066,0.063,0.059,0.056,0.052,0.049,0.047,0.044,0.041,0.039,0.037,0.035,0.034,0.032
[S IV] λ10.44 μm,0.024,0.031,0.018,0.015,0.013,0.011,0.01,0.009,0.008,0.007,0.006,0.005,0.005,0.004,0.004,0.004,0.003,0.003,0.003,0.002,0.002,0.002,0.002,0.002,0.002,0.002,0.001,0.001,0.001,0.001,0.001,0.001,0.001,0.001,0.001,0.001,0.001
[Ne II] λ12.8 μm,0.987,1.182,1.129,1.28,1.731,1.987,2.2,2.34,2.418,2.456,2.466,2.459,2.449,2.453,2.477,2.526,2.601,2.7,2.818,2.952,3.098,3.252,3.412,3.576,3.742,3.912,4.075,4.237,4.396,4.551,4.702,4.846,4.984,5.118,5.245,5.369,5.488
[Ne V] λ14.5 μm,0.0,0.004,0.013,0.022,0.029,0.024,0.022,0.019,0.018,0.016,0.015,0.014,0.012,0.011,0.011,0.01,0.009,0.009,0.008,0.008,0.007,0.007,0.007,0.006,0.006,0.006,0.006,0.005,0.005,0.005,0.005,0.004,0.004,0.004,0.004,0.004,0.003
[Ne V] λ15.5 μm,0.191,0.186,0.162,0.201,0.382,0.627,0.932,1.206,1.445,1.638,1.77,1.845,1.871,1.862,1.826,1.778,1.724,1.67,1.62,1.573,1.532,1.496,1.466,1.439,1.417,1.4,1.383,1.371,1.361,1.353,1.348,1.344,1.34,1.338,1.335,1.333,1.329
[S III] λ18.7 μm,0.087,0.079,0.055,0.057,0.099,0.132,0.166,0.197,0.222,0.239,0.248,0.25,0.25,0.25,0.253,0.26,0.27,0.285,0.303,0.323,0.344,0.366,0.388,0.408,0.428,0.447,0.463,0.477,0.49,0.5,0.508,0.515,0.519,0.522,0.523,0.523,0.522
[O IV] λ25.9 μm,0.116,0.194,0.174,0.141,0.114,0.093,0.079,0.068,0.059,0.051,0.044,0.038,0.033,0.029,0.025,0.022,0.02,0.017,0.016,0.014,0.012,0.011,0.01,0.009,0.008,0.008,0.007,0.006,0.006,0.005,0.005,0.004,0.004,0.004,0.003,0.003,0.003
log Hβ ergs/cm2/s,-3.183,-2.944,-2.707,-2.575,-2.465,-2.348,-2.254,-2.168,-2.088,-2.015,-1.944,-1.877,-1.814,-1.754,-1.699,-1.646,-1.595,-1.548,-1.503,-1.46,-1.419,-1.379,-1.342,-1.305,-1.27,-1.235,-1.2,-1.166,-1.132,-1.097,-1.063,-1.029,-0.995,-0.961,-0.926,-0.893,-0.859
